{
"gdim" : 3
,"gmin" : [-5,-5,-3.1415926535897931]
,"gmax" : [5,5,2.9883442314634614] 
,"gN" : [41,41,41]
,"gdx" : [0.25,0.25,0.15324842212633136]
,"data" : [[6.0710678118654755,5.8965571120668612,5.7268120235368549,5.562202374203344,5.4031242374328485,5.25,5.103277807866851,4.9634302209382817,4.8309518948453007,4.7063561052566634,4.5901699437494745,4.4829280498653272,4.3851648071345037,4.2974050251042728,4.2201532544552753,4.153882032022076,4.0990195135927845,4.0559371040391712,4.024937810560445,4.0062460986251969,4,4.0062460986251969,4.024937810560445,4.0559371040391712,4.0990195135927845,4.153882032022076,4.2201532544552753,4.2974050251042728,4.3851648071345037,4.4829280498653272,4.5901699437494745,4.7063561052566634,4.8309518948453007,4.9634302209382817,5.103277807866851,5.25,5.4031242374328485,5.562202374203344,5.7268120235368549,5.8965571120668612,6.0710678118654755],[5.8965571120668612,5.7175144212722016,5.5431261641512,5.3737743919909811,5.2098711741871107,5.0518592184551023,4.9002118606029734,4.7554322166106688,4.6180512635610578,4.4886246000250374,4.367727638395972,4.25594901040716,4.153882032022076,4.0621141828291467,3.9812147112928189,3.9117206760971248,3.8541219597369,3.8088460154178359,3.7762432936356998,3.7565743976101116,3.75,3.7565743976101116,3.7762432936356998,3.8088460154178359,3.8541219597369,3.9117206760971248,3.9812147112928189,4.0621141828291467,4.153882032022076,4.25594901040716,4.367727638395972,4.4886246000250374,4.6180512635610578,4.7554322166106688,4.9002118606029734,5.0518592184551023,5.2098711741871107,5.3737743919909811,5.5431261641512,5.7175144212722016,5.8965571120668612],[5.7268120235368549,5.5431261641512,5.3639610306789276,5.1897092015699737,5.0207972893961479,4.8576872569299905,4.70087712549569,4.55090082779363,4.4083269131959844,4.273755777432247,4.1478150704935,4.0311529493745271,3.924428900898052,3.8283019789569916,3.7434164902525691,3.6703854230673514,3.6097722286464435,3.5620718977236647,3.5276925690687087,3.5069390943299865,3.5,3.5069390943299865,3.5276925690687087,3.5620718977236647,3.6097722286464435,3.6703854230673514,3.7434164902525691,3.8283019789569916,3.924428900898052,4.0311529493745271,4.1478150704935,4.273755777432247,4.4083269131959844,4.55090082779363,4.70087712549569,4.8576872569299905,5.0207972893961479,5.1897092015699737,5.3639610306789276,5.5431261641512,5.7268120235368549],[5.562202374203344,5.3737743919909811,5.1897092015699737,5.0104076400856536,4.8363087649643761,4.6678920243773172,4.50567888638631,4.3502336397581738,4.2021630116712032,4.0621141828291467,3.9307707308290052,3.8088460154178359,3.6970735570139839,3.5961940777125587,3.5069390943299865,3.4300112866673373,3.3660622991432447,3.3156691254080171,3.2793106921559225,3.2573465914816007,3.25,3.2573465914816007,3.2793106921559225,3.3156691254080171,3.3660622991432447,3.4300112866673373,3.5069390943299865,3.5961940777125587,3.6970735570139839,3.8088460154178359,3.9307707308290052,4.0621141828291467,4.2021630116712032,4.3502336397581738,4.50567888638631,4.6678920243773172,4.8363087649643761,5.0104076400856536,5.1897092015699737,5.3737743919909811,5.562202374203344],[5.4031242374328485,5.2098711741871107,5.0207972893961479,4.8363087649643761,4.6568542494923806,4.4829280498653272,4.315072906367325,4.153882032022076,4,3.8541219597369,3.7169905660283016,3.5893899376714549,3.4721359549995796,3.3660622991432447,3.2720018726587652,3.1907636535600528,3.1231056256176606,3.0697051490249265,3.0311288741492746,3.0078048854703496,3,3.0078048854703496,3.0311288741492746,3.0697051490249265,3.1231056256176606,3.1907636535600528,3.2720018726587652,3.3660622991432447,3.4721359549995796,3.5893899376714549,3.7169905660283016,3.8541219597369,4,4.153882032022076,4.315072906367325,4.4829280498653272,4.6568542494923806,4.8363087649643761,5.0207972893961479,5.2098711741871107,5.4031242374328485],[5.25,5.0518592184551023,4.8576872569299905,4.6678920243773172,4.4829280498653272,4.3033008588991066,4.1295711321707982,3.9623583103198019,3.8023431780746364,3.6502688094345688,3.5069390943299865,3.3732139211339751,3.25,3.1382363393117121,3.0388736053508776,2.9528470752104741,2.8810436740650061,2.8242646351945888,2.7831864876053891,2.758324094593227,2.75,2.758324094593227,2.7831864876053891,2.8242646351945888,2.8810436740650061,2.9528470752104741,3.0388736053508776,3.1382363393117121,3.25,3.3732139211339751,3.5069390943299865,3.6502688094345688,3.8023431780746364,3.9623583103198019,4.1295711321707982,4.3033008588991066,4.4829280498653272,4.6678920243773172,4.8576872569299905,5.0518592184551023,5.25],[5.103277807866851,4.9002118606029734,4.70087712549569,4.50567888638631,4.315072906367325,4.1295711321707982,3.9497474683058327,3.7762432936356998,3.6097722286464435,3.4511234536912143,3.3011626335213133,3.1608292442733097,3.0311288741492746,2.9131189606246322,2.8078865529319543,2.7165171868296265,2.640054944640259,2.5794552658190883,2.5355339059327378,2.5089172119045497,2.5,2.5089172119045497,2.5355339059327378,2.5794552658190883,2.640054944640259,2.7165171868296265,2.8078865529319543,2.9131189606246322,3.0311288741492746,3.1608292442733097,3.3011626335213133,3.4511234536912143,3.6097722286464435,3.7762432936356998,3.9497474683058327,4.1295711321707982,4.315072906367325,4.50567888638631,4.70087712549569,4.9002118606029734,5.103277807866851],[4.9634302209382817,4.7554322166106688,4.55090082779363,4.3502336397581738,4.153882032022076,3.9623583103198019,3.7762432936356998,3.5961940777125587,3.4229515032385329,3.2573465914816007,3.1003048667141817,2.9528470752104741,2.8160843806184368,2.69120576505835,2.5794552658190883,2.48209706929603,2.400367627183861,2.3354160160315836,2.2882366094914763,2.2596012026013246,2.25,2.2596012026013246,2.2882366094914763,2.3354160160315836,2.400367627183861,2.48209706929603,2.5794552658190883,2.69120576505835,2.8160843806184368,2.9528470752104741,3.1003048667141817,3.2573465914816007,3.4229515032385329,3.5961940777125587,3.7762432936356998,3.9623583103198019,4.153882032022076,4.3502336397581738,4.55090082779363,4.7554322166106688,4.9634302209382817],[4.8309518948453007,4.6180512635610578,4.4083269131959844,4.2021630116712032,4,3.8023431780746364,3.6097722286464435,3.4229515032385329,3.2426406871192848,3.0697051490249265,2.905124837953327,2.75,2.6055512754639891,2.473110997362451,2.3541019662496847,2.25,2.1622776601683795,2.0923292192132452,2.0413812651491097,2.0103986446980739,2,2.0103986446980739,2.0413812651491097,2.0923292192132452,2.1622776601683795,2.25,2.3541019662496847,2.473110997362451,2.6055512754639891,2.75,2.905124837953327,3.0697051490249265,3.2426406871192848,3.4229515032385329,3.6097722286464435,3.8023431780746364,4,4.2021630116712032,4.4083269131959844,4.6180512635610578,4.8309518948453007],[4.7063561052566634,4.4886246000250374,4.273755777432247,4.0621141828291467,3.8541219597369,3.6502688094345688,3.4511234536912143,3.2573465914816007,3.0697051490249265,2.8890872965260113,2.7165171868296265,2.5531676008879738,2.400367627183861,2.2596012026013246,2.1324910215354169,2.0207614933986431,1.9261749776799064,1.8504385627478448,1.7950849718747373,1.7613402542968153,1.75,1.7613402542968153,1.7950849718747373,1.8504385627478448,1.9261749776799064,2.0207614933986431,2.1324910215354169,2.2596012026013246,2.400367627183861,2.5531676008879738,2.7165171868296265,2.8890872965260113,3.0697051490249265,3.2573465914816007,3.4511234536912143,3.6502688094345688,3.8541219597369,4.0621141828291467,4.273755777432247,4.4886246000250374,4.7063561052566634],[4.5901699437494745,4.367727638395972,4.1478150704935,3.9307707308290052,3.7169905660283016,3.5069390943299865,3.3011626335213133,3.1003048667141817,2.905124837953327,2.7165171868296265,2.5355339059327378,2.3634060117684275,2.2015621187164243,2.0516389039334255,1.9154759474226504,1.7950849718747373,1.6925824035672519,1.6100766272276377,1.5495097567963922,1.5124689052802225,1.5,1.5124689052802225,1.5495097567963922,1.6100766272276377,1.6925824035672519,1.7950849718747373,1.9154759474226504,2.0516389039334255,2.2015621187164243,2.3634060117684275,2.5355339059327378,2.7165171868296265,2.905124837953327,3.1003048667141817,3.3011626335213133,3.5069390943299865,3.7169905660283016,3.9307707308290052,4.1478150704935,4.367727638395972,4.5901699437494745],[4.4829280498653272,4.25594901040716,4.0311529493745271,3.8088460154178359,3.5893899376714549,3.3732139211339751,3.1608292442733097,2.9528470752104741,2.75,2.5531676008879738,2.3634060117684275,2.1819805153394638,2.0103986446980739,1.8504385627478448,1.7041634565979922,1.5739075352467502,1.462214450449026,1.3717082451262845,1.3048861143232218,1.2638462845343543,1.25,1.2638462845343543,1.3048861143232218,1.3717082451262845,1.462214450449026,1.5739075352467502,1.7041634565979922,1.8504385627478448,2.0103986446980739,2.1819805153394638,2.3634060117684275,2.5531676008879738,2.75,2.9528470752104741,3.1608292442733097,3.3732139211339751,3.5893899376714549,3.8088460154178359,4.0311529493745271,4.25594901040716,4.4829280498653272],[4.3851648071345037,4.153882032022076,3.924428900898052,3.6970735570139839,3.4721359549995796,3.25,3.0311288741492746,2.8160843806184368,2.6055512754639891,2.400367627183861,2.2015621187164243,2.0103986446980739,1.8284271247461903,1.6575364531836625,1.5,1.3584952830141508,1.2360679774997898,1.1360009363293826,1.0615528128088303,1.0155644370746373,1,1.0155644370746373,1.0615528128088303,1.1360009363293826,1.2360679774997898,1.3584952830141508,1.5,1.6575364531836625,1.8284271247461903,2.0103986446980739,2.2015621187164243,2.400367627183861,2.6055512754639891,2.8160843806184368,3.0311288741492746,3.25,3.4721359549995796,3.6970735570139839,3.924428900898052,4.153882032022076,4.3851648071345037],[4.2974050251042728,4.0621141828291467,3.8283019789569916,3.5961940777125587,3.3660622991432447,3.1382363393117121,2.9131189606246322,2.69120576505835,2.473110997362451,2.2596012026013246,2.0516389039334255,1.8504385627478448,1.6575364531836625,1.4748737341529163,1.3048861143232218,1.1505813167606567,1.0155644370746373,0.90394327646597716,0.82002747232012951,0.76776695296636888,0.75,0.76776695296636888,0.82002747232012951,0.90394327646597716,1.0155644370746373,1.1505813167606567,1.3048861143232218,1.4748737341529163,1.6575364531836625,1.8504385627478448,2.0516389039334255,2.2596012026013246,2.473110997362451,2.69120576505835,2.9131189606246322,3.1382363393117121,3.3660622991432447,3.5961940777125587,3.8283019789569916,4.0621141828291467,4.2974050251042728],[4.2201532544552753,3.9812147112928189,3.7434164902525691,3.5069390943299865,3.2720018726587652,3.0388736053508776,2.8078865529319543,2.5794552658190883,2.3541019662496847,2.1324910215354169,1.9154759474226504,1.7041634565979922,1.5,1.3048861143232218,1.1213203435596424,0.95256241897666349,0.80277563773199456,0.67705098312484235,0.58113883008418976,0.52069063257455483,0.5,0.52069063257455483,0.58113883008418976,0.67705098312484235,0.80277563773199456,0.95256241897666349,1.1213203435596424,1.3048861143232218,1.5,1.7041634565979922,1.9154759474226504,2.1324910215354169,2.3541019662496847,2.5794552658190883,2.8078865529319543,3.0388736053508776,3.2720018726587652,3.5069390943299865,3.7434164902525691,3.9812147112928189,4.2201532544552753],[4.153882032022076,3.9117206760971248,3.6703854230673514,3.4300112866673373,3.1907636535600528,2.9528470752104741,2.7165171868296265,2.48209706929603,2.25,2.0207614933986431,1.7950849718747373,1.5739075352467502,1.3584952830141508,1.1505813167606567,0.95256241897666349,0.76776695296636888,0.60078105935821213,0.45773797371132519,0.34629120178362593,0.27475487839819612,0.25,0.27475487839819612,0.34629120178362593,0.45773797371132519,0.60078105935821213,0.76776695296636888,0.95256241897666349,1.1505813167606567,1.3584952830141508,1.5739075352467502,1.7950849718747373,2.0207614933986431,2.25,2.48209706929603,2.7165171868296265,2.9528470752104741,3.1907636535600528,3.4300112866673373,3.6703854230673514,3.9117206760971248,4.153882032022076],[4.0990195135927845,3.8541219597369,3.6097722286464435,3.3660622991432447,3.1231056256176606,2.8810436740650061,2.640054944640259,2.400367627183861,2.1622776601683795,1.9261749776799064,1.6925824035672519,1.462214450449026,1.2360679774997898,1.0155644370746373,0.80277563773199456,0.60078105935821213,0.41421356237309515,0.25,0.1180339887498949,0.030776406404415146,0,0.030776406404415146,0.1180339887498949,0.25,0.41421356237309515,0.60078105935821213,0.80277563773199456,1.0155644370746373,1.2360679774997898,1.462214450449026,1.6925824035672519,1.9261749776799064,2.1622776601683795,2.400367627183861,2.640054944640259,2.8810436740650061,3.1231056256176606,3.3660622991432447,3.6097722286464435,3.8541219597369,4.0990195135927845],[4.0559371040391712,3.8088460154178359,3.5620718977236647,3.3156691254080171,3.0697051490249265,2.8242646351945888,2.5794552658190883,2.3354160160315836,2.0923292192132452,1.8504385627478448,1.6100766272276377,1.3717082451262845,1.1360009363293826,0.90394327646597716,0.67705098312484235,0.45773797371132519,0.25,0.060660171779821193,-0.098612181134002719,-0.20943058495790512,-0.25,-0.20943058495790512,-0.098612181134002719,0.060660171779821193,0.25,0.45773797371132519,0.67705098312484235,0.90394327646597716,1.1360009363293826,1.3717082451262845,1.6100766272276377,1.8504385627478448,2.0923292192132452,2.3354160160315836,2.5794552658190883,2.8242646351945888,3.0697051490249265,3.3156691254080171,3.5620718977236647,3.8088460154178359,4.0559371040391712],[4.0231014758401651,3.7748996619470536,3.5268857093689059,3.2790316218793185,3.0311288741492746,2.7831864876053891,2.5355339059327378,2.2882366094914763,2.0413812651491097,1.7950849718747373,1.5495097567963922,1.3048861143232218,1.0615528128088303,0.82002747232012951,0.58113883008418976,0.34629120178362593,0.1180339887498949,-0.098612181134002719,-0.29289321881345243,-0.44098300562505255,-0.5,-0.44098300562505255,-0.29289321881345243,-0.098612181134002719,0.1180339887498949,0.34629120178362593,0.58113883008418976,0.82002747232012951,1.0615528128088303,1.3048861143232218,1.5495097567963922,1.7950849718747373,2.0413812651491097,2.2882366094914763,2.5355339059327378,2.7831864876053891,3.0311288741492746,3.2793106921559225,3.5276925690687087,3.7762432936356998,4.024937810560445],[3.9997599796114423,3.7504869185929079,3.501093853398296,3.25194979952944,3.0028419543031379,2.7537865663749792,2.5048681668745303,2.2561254005929294,2.0076112048339945,1.7593130600946973,1.51131102797821,1.26353330683327,1.0155644370746373,0.76776695296636888,0.52069063257455483,0.27475487839819612,0.030776406404415146,-0.20943058495790512,-0.44098300562505255,-0.64644660940672627,-0.75,-0.64644660940672627,-0.44098300562505255,-0.20943058495790512,0.030776406404415146,0.27475487839819612,0.52069063257455483,0.76776695296636888,1.0155644370746373,1.2638462845343543,1.5124689052802225,1.7613402542968153,2.0103986446980739,2.2596012026013246,2.5089172119045497,2.758324094593227,3.0078048854703496,3.2573465914816007,3.5069390943299865,3.7565743976101116,4.0062460986251969],[3.9875701770119236,3.7377205754603322,3.4878454674662684,3.2379799919620096,2.9881540798611157,2.7383330332171281,2.4885335262769113,2.2388115587120936,1.9891109284432986,1.739485297533909,1.4897718377990448,1.2401942964271948,0.99053609823802091,0.74081766323893383,0.49122240929760619,0.24171733686436542,-0.0073423471615667729,-0.25578464589579913,-0.50312865712349841,-0.75,-1,-0.75,-0.5,-0.25,0,0.25,0.5,0.75,1,1.25,1.5,1.75,2,2.25,2.5,2.75,3,3.25,3.5,3.75,4],[3.986244362950881,3.7362535672449959,3.4862847542433593,3.236274148039902,2.9863144872448615,2.7363621623480823,2.4864308012158309,2.2365262350198454,1.9866025676779746,1.7367406240588921,1.4868162026812031,1.2369998083749429,0.9872633276063516,0.73745646793788178,0.48768192503488705,0.23777222706030968,-0.013013179584618732,-0.26347026446157812,-0.51541799728698456,-0.76872101825039163,-0.92129352493070749,-0.702029040346305,-0.46027523847276958,-0.21647201891523454,0.028716003687020424,0.27475487839819612,0.52069063257455483,0.76776695296636888,1.0155644370746373,1.2638462845343543,1.5124689052802225,1.7613402542968153,2.0103986446980739,2.2596012026013246,2.5089172119045497,2.758324094593227,3.0078048854703496,3.2573465914816007,3.5069390943299865,3.7565743976101116,4.0062460986251969],[3.9950254536963357,3.7454625504047,3.4959391294067119,3.24648596518658,2.9970609232894003,2.7476937865318423,2.4984039837535241,2.2492527963648126,2.0002494911935158,1.751403562456225,1.5026728914817871,1.2539878434220864,1.0055416912162956,0.75746824483957553,0.50972544938982278,0.26230358466102077,0.014527170047017694,-0.23249190433974243,-0.47950296910166834,-0.72246889691829752,-0.80923163799353814,-0.6029617535651286,-0.37785941948520207,-0.14575865753720105,0.090693863026630142,0.32989459726852843,0.57090626925975729,0.81356601611918689,1.0574577971417194,1.3030457579769554,1.5490544376466497,1.7950849718747373,2.0413812651491097,2.2882366094914763,2.5355339059327378,2.7831864876053891,3.0311288741492746,3.2793106921559225,3.5276925690687087,3.7762432936356998,4.024937810560445],[4.0142017482646839,3.7655712313983329,3.5170953079991465,3.2687837341183066,3.0205853904058224,2.7724326846238014,2.5244133300690486,2.2766976341540537,2.0294099870961064,1.7825676377877866,1.5361273060651737,1.2898576731137317,1.044336902748946,0.79959947405808163,0.55594444546856647,0.31369958355363897,0.072529088524988031,-0.16659227145911013,-0.40226202409430006,-0.62761016055753915,-0.66080646719054648,-0.46953752058125825,-0.26225568358188384,-0.044000572352548423,0.18120895597183445,0.41115024678266809,0.64446246940095975,0.8807849367832532,1.119723239499876,1.359826865451033,1.6013695232793403,1.8439048626076286,2.0875560580010775,2.3322526474184735,2.5776912082166916,2.8235566783156303,3.0696605285320993,3.3156691254080171,3.5620718977236647,3.8088460154178359,4.0559371040391712],[4.0441324141819424,3.7966543321894415,3.5494616739858675,3.3026392216508773,3.0561361288986975,2.8098116207958839,2.5638069981962026,2.3183374392551319,2.0735746692599055,1.829628564806987,1.5862901165201237,1.3438794862057084,1.102747551749383,0.863002942176983,0.62517789794572121,0.39003934118098088,0.15797347116375812,-0.070324738849057183,-0.29217196967148068,-0.49905372967834694,-0.48193692368951868,-0.3097902451634103,-0.12008756919091682,0.083064575026617793,0.29557208435278925,0.51487143015712766,0.73954431318350244,0.968451050050626,1.2002734804460706,1.434482852588705,1.6712702780789912,1.9098769577151509,2.149273711188421,2.3899319863332442,2.6318130084753308,2.8745156284543207,3.1180451758376186,3.3621847239103264,3.6069619914991993,3.8523355970993909,4.0980837053617458],[4.0839481804769893,3.8381509319761777,3.5927267579037343,3.3477533310704963,3.1034098926757463,2.8596086509909,2.6163988027751928,2.3738480573947225,2.132352479079437,1.8920648660645338,1.6528405081426869,1.4152131788922118,1.1796258567922147,0.94618612764816623,0.71565356627146015,0.48906573872703607,0.26739873596752844,0.051718102336154315,-0.15621417881444183,-0.34287919617185481,-0.28483108573397631,-0.13078164084196933,0.042492808084432065,0.23080333506935746,0.43025407219522072,0.63831168260525817,0.85327495557803668,1.0736315554583296,1.29817966539192,1.5261304506693381,1.7567299397064904,1.9898791612134688,2.2247988638949905,2.4617856511980731,2.7001036426943026,2.939098963137563,3.1791560477060763,3.420383203534767,3.6623868871083265,3.9050754985639973,4.1484342406729633],[4.1334757202239842,3.88981291534492,3.646702790494166,3.4042842133311777,3.1625345595970487,2.921607993899201,2.6817163928399346,2.44274683638624,2.2051124952202188,1.9692248061552686,1.7349830761487324,1.5029313769010628,1.2736268943413525,1.0475510569550208,0.82529657514071675,0.60816596038854276,0.39762026655405569,0.19515458559759694,-0.00071986591951527532,-0.16647716970317061,-0.076226109935794373,0.062607965232740648,0.22098370042012755,0.3952455944856097,0.5819631193851712,0.77874206054062256,0.98357682163398741,1.1949208957954929,1.4114469113202039,1.6323301180560768,1.8568489171976843,2.0842168627655031,2.313722350795091,2.5459590446429168,2.7798853104305072,3.0152531222630756,3.2523085541413796,3.4904505587007728,3.7291313931361083,3.9688564572692515,4.2094253915684465],[4.1929499920583284,3.9517586282619241,3.7112215600206282,3.4716718675357794,3.2329745793915095,2.9953470126896251,2.7591465123877228,2.5243882567101967,2.2912551562506533,2.0603187559719847,1.8316409690306497,1.6058299099503084,1.3834663093273225,1.165206261490253,0.95193600502723108,0.74481318431576915,0.54566051955976436,0.35581267100740055,0.1790127822657285,0.041500669404969284,0.14149775682981336,0.26696103092034973,0.41199523845367914,0.57329607932177173,0.74795134756428316,0.93358930790962891,1.1283506161387509,1.3305789122576521,1.5388473066234027,1.7521649282992326,1.9697984242761195,2.1911443849465266,2.4155403698531179,2.6424909042540938,2.8713190382955727,3.1025092651622659,3.3356035249022762,3.5700666950764437,3.8057423804343493,4.0429131556094458,4.280782045488829],[4.2617890797984437,4.0234039964735686,3.78575579891332,3.5493237975934173,3.3141169069711038,3.0803601783544936,2.8482730730995423,2.6181388190552473,2.389938985624398,2.1644238723928306,1.9417638809121751,1.7226680983641309,1.5077573065505421,1.2977181429597711,1.0934481568526975,0.89655658673396144,0.70851335817761518,0.53037123676182918,0.36833036951691089,0.27326653060926753,0.36507473242672228,0.47927752030210341,0.61266043995215713,0.76235002055474332,0.92583308996487068,1.1008602637931244,1.2856892849315336,1.478764512771088,1.6786934895378383,1.8844208092925405,2.0949363747130736,2.3097862264297238,2.5283914769067461,2.7499882561869926,2.97430928857462,3.2008929252393394,3.429174061244491,3.6596344241393144,3.8918252134750979,4.1255917678272116,4.360235315667456],[4.3395678211846835,4.1042887362133236,3.8698894109456887,3.6370088434422936,3.4056840456274964,3.176149815076089,2.9484743473048405,2.7231796906446188,2.5002938531889436,2.2805611837312858,2.0643081631996036,1.8521793999227179,1.6448442545533926,1.4431282251384769,1.2481413255937805,1.0611861060117163,0.88370975817899744,0.715598326873194,0.56751630269858011,0.50973643484455966,0.59322877430132182,0.69799819169297161,0.82115760070062171,0.96029960516054935,1.1134512858410057,1.278575901523423,1.4539912414230067,1.6380997331654783,1.8296989984008598,2.0276796450422307,2.231246320423101,2.4395723845437574,2.6518961610006184,2.8677851136547359,3.087052939467938,3.3088748601181011,3.533108930685398,3.7593606869176868,3.9872532528969877,4.2172764972327315,4.44838191001392],[4.4260295189750085,4.194240758029701,3.9634199563662755,3.7344379285389437,3.5071503994814748,3.2819832187422735,3.0589944337768893,2.8387646797614305,2.6215724783830137,2.4078992233940761,2.1982106507397914,1.9931324306505367,1.7935020710078726,1.6000844297516341,1.4140881854644978,1.2367544869270004,1.0692698075943439,0.91432910087984942,0.77488402205476925,0.7485673935823467,0.82519822970813916,0.9216771834327695,1.0358329661793106,1.1656361898078229,1.3093668201511131,1.4651796574017717,1.6316144768020602,1.8071961556614293,1.9906698344560871,2.1810046235916212,2.3774729835170554,2.5792450641773885,2.7854505279096458,2.9954511505889188,3.2091747683540577,3.4260482142756734,3.6457687845348312,3.8677744895730641,4.0919666946544124,4.3181119328136486,4.5450947020390959],[4.5210927807708572,4.29303074135599,4.0658796981092884,3.8408601954780268,3.6177908372066625,3.3972057037635723,3.1792039724942254,2.9643489900644697,2.752990141398906,2.5454386282661465,2.3423205817938406,2.1443601850406946,1.9523091008759939,1.7670922634974027,1.5897646862920087,1.4212799279422459,1.2631887577341219,1.1186323674704406,0.989117656096859,0.98921846870244023,1.059855085670534,1.1494646968196609,1.2556922559113826,1.3770821383514829,1.5121606777839145,1.6593207402892081,1.8173232441942251,1.9847530360285597,2.1604360172515791,2.343369417318673,2.5327377247611129,2.7278424014066176,2.9279577636750074,3.1322659408686526,3.3404802555321447,3.552031660743773,3.7668730493675842,3.9844686116754056,4.2046165398922959,4.4270451663785746,4.6503209218199268],[4.6241967754616091,4.4000141671001094,4.1767028631285834,3.9557325596629633,3.73713672738403,3.5213702911569591,3.3085426413826085,3.0991998530712817,2.8935902240215285,2.69218976069983,2.4957090824556603,2.3049185704741095,2.1203257978417778,1.9430745002867664,1.7739759171371956,1.6140421252450372,1.4638078823313152,1.3288369257223329,1.2087835510242719,1.2313517511006031,1.2968530679195382,1.3800988720390874,1.4794907333878133,1.5933564647135885,1.7206695194962265,1.8601557455578732,2.0102126555199522,2.1697701437155157,2.3379747097295516,2.5138259966623697,2.6962905981238721,2.8847428001165722,3.0786013767672729,3.2772063004179071,3.4800741714273009,3.6865751928308317,3.896277658197596,4.1090952104454459,4.3249796120261195,4.5433106203323845,4.7626446141505747],[4.7349440055750218,4.5147263075421264,4.2953858671688776,4.0786601142660333,3.8648730182264863,3.6540899653351921,3.4462930229878008,3.2423567444628358,3.0425355541066459,2.847390304073004,2.657587781336443,2.4735214658139646,2.296136509797706,2.1264136193972778,1.9650831097062176,1.8133541935328523,1.6727741553344919,1.5440458262545116,1.4347404071300573,1.4744959279672794,1.5355601107024326,1.6134407724642355,1.7066343471504823,1.8138221996356636,1.9340415334170249,2.0662133631583597,2.2088690799953508,2.3611027315723234,2.5221911161224488,2.6912036382277322,2.8671834142279593,3.0492882513489836,3.23693714121484,3.429712542884888,3.6271192807304082,3.8285967246911987,4.0334559934508665,4.2415552827438372,4.4527698498031514,4.6668794824863618,4.8820559569302633],[4.8528219361648954,4.6367662247625478,4.4217516798483825,4.2095013625417863,4.0003504207691769,3.7944016069894362,3.5918457098077448,3.3933498744339516,3.1992750027581374,3.0103976113519533,2.8268096206718454,2.6494720941870673,2.4791808661548353,2.3168580351024173,2.1628970348848506,2.018385575531731,1.8854860972465002,1.7640415228389057,1.677548998600654,1.7189091571973862,1.7760661170082828,1.8489934483163488,1.9365774355544123,2.0377746204863385,2.1515177067534168,2.2769636080911804,2.4128915230105248,2.5584753152820658,2.7127515341345316,2.8750172045289419,3.0445711624721392,3.2205721543335941,3.4023335401127839,3.5893768223504026,3.7811723899632064,3.9774501578877244,4.1775566385122263,4.3810815673650518,4.587909130944257,4.79756535553279,5.0081949831334365],[4.977679796388772,4.7660279267131376,4.5552649349211745,4.3474230756582566,4.1429376299665623,3.9417714333163349,3.7444821489178008,3.5514623835587908,3.3632091826338031,3.1802091349351995,3.0027603431289069,2.8319276134519775,2.6682799633220924,2.5125014750380146,2.3654477960513329,2.2275197404948845,2.1020113521060351,1.9872787864265287,1.9247972960108142,1.9639147957436869,2.0175836540917924,2.086210018639175,2.1687634978338219,2.2644836542170679,2.3723271316153847,2.4915358452493117,2.621266680715292,2.7605522773094755,2.9085540767202751,3.0645414172207373,3.22790188880486,3.39798355730475,3.5740047451876107,3.7554345720674149,3.9418737304054816,4.1328357016093928,4.3280308114699189,4.5270007839254269,4.7296098452086532,4.9350132548100234,5.1413450777512217],[5.109250972674328,4.9019803077187,4.6954649230177559,4.4920259536257117,4.2920503868578486,4.0958571765447251,3.9038324629993331,3.7161927030957553,3.5336424623917133,3.3562755481216353,3.1849484870412774,3.0202923885564528,2.8632262679538614,2.714300876175006,2.5737124994954796,2.4396916577017937,2.3225311506155721,2.2139970337219173,2.172778742105788,2.2095185503601065,2.2600239457708087,2.3248056429453365,2.4030518623955386,2.4938561114307243,2.5964085170894124,2.7100507313283408,2.8340317595366482,2.967352992779853,3.10925771065358,3.2591559207624479,3.4165168043391363,3.5808003147990632,3.7513899535171804,3.9275595981317526,4.1087066153443423,4.29450942473675,4.4846642763273508,4.6790223704299061,4.8772682100997109,5.0784711966564577,5.2804256200757465],[5.2469558999104162,5.0441059325236441,4.8418902845601846,4.6427250055655715,4.4474795325089751,4.2563166555744925,4.0693103443298462,3.887131703770013,3.709700228941657,3.5378972103331243,3.3725555724680456,3.214127030536345,3.062786642787346,2.9194513462264089,2.7846932188977673,2.6597756415515388,2.54563313350035,2.4431157402824262,2.4209126875181441,2.4555362446291653,2.5032882977869306,2.5647763964322228,2.6388405253594649,2.7251471304079704,2.822748435239097,2.9310997551333271,3.0494853933677093,3.1772808987717784,3.3138206779538888,3.45829619055886,3.6100895100390318,3.7687115471810935,3.9338014960947114,4.104832721996595,4.280999240985043,4.46190563387499,4.6472074125111762,4.8368304457371609,5.0306657499122327,5.2274778443100445,5.42492665543716],[5.3903853468417653,5.1919425172218325,4.99413965248906,4.7993418398488625,4.6088069564151759,4.4224181578606849,4.2404499255892718,4.0631799590376136,3.8910455742752892,3.7248182340299651,3.5650515241167007,3.4121402212811143,3.2663729893919147,3.129462753908316,3.0002000940197058,2.8814691656244005,2.7715530739208623,2.6747246714279242,2.6692141104012617,2.7021021828278045,2.7473385468939906,2.8056760586458944,2.8762379759809815,2.9584381514486839,3.0515251381201089,3.1553375445845409,3.26906048730918,3.3914339231136141,3.5220767539551865,3.6613124651913656,3.8079083297144294,3.9613568126559047,4.1211147211932,4.2869262991378241,4.4582730633158887,4.6344227182148572,4.8151051811269747,5.0001699181645769,5.1895772646206568,5.3818511860459584,5.5749080791668648],[5.5392051264653022,5.345285442444113,5.1518416481389462,4.9615446824114047,4.7754868953644731,4.5938281090036348,4.4166439187910971,4.2441777941999383,4.0773776168457347,3.9165235694584997,3.761972431428557,3.614116772449496,3.47383418635171,3.3420276011678216,3.2176860917030004,3.1046448149675556,2.999783883862877,2.9083222099234733,2.9176973626325933,2.9489013219482487,2.9919394126596055,3.047423789731504,3.1146363806077364,3.1930237469374032,3.2820271408146668,3.381243760278251,3.4900501607752177,3.6077849064520038,3.7338532658960029,3.8679724619716964,4.0096132857429927,4.1581065440682732,4.3129126722943,4.4736653876988912,4.640070245724206,4.8116861061731884,4.9878638253529264,5.1685963937362018,5.3535999001286365,5.5414421410973533,5.7300269525386049],[5.69568918816767,5.5062433067287824,5.3171991894053585,5.131134987363863,4.9494739653845725,4.7722640103375635,4.5996442490094269,4.4321247403223367,4.2702368579359913,4.114254957507935,3.9646209717559238,3.8216763224493135,3.6864167818354785,3.5592357910681764,3.440744668911015,3.3310908721515036,3.2308258553666276,3.1501350030920827,3.1664302275886413,3.1962072824463506,3.237319310389879,3.2903556380084442,3.3545976270081432,3.4296422623324574,3.5150151063653237,3.6102224693656955,3.7148034017187888,3.8282069714988767,3.9498041370616352,4.0792851723941235,4.2163271281827752,4.3601865290900621,4.5103203505581035,4.6664402295149783,4.8281767217565879,4.9951572765071521,5.1670698330195108,5.343544818287036,5.5244633720128249,5.7079517487874769,5.8921584762157657]]
}
